0.000000 100.000000 0.000000 100.000000
0.000000 50.000000 50.000000 100.000000
0.000000 25.000000 75.000000 100.000000
0.000000 12.500000 87.500000 100.000000
0.000000 6.250000 93.750000 100.000000
6.250000 12.500000 93.750000 100.000000
6.250000 9.375000 96.875000 100.000000
9.375000 12.500000 96.875000 100.000000
6.250000 9.375000 93.750000 96.875000
9.375000 12.500000 93.750000 96.875000
0.000000 6.250000 87.500000 93.750000
6.250000 12.500000 87.500000 93.750000
6.250000 9.375000 90.625000 93.750000
9.375000 12.500000 90.625000 93.750000
6.250000 9.375000 87.500000 90.625000
9.375000 12.500000 87.500000 90.625000
12.500000 25.000000 87.500000 100.000000
12.500000 18.750000 93.750000 100.000000
18.750000 25.000000 93.750000 100.000000
18.750000 21.875000 96.875000 100.000000
21.875000 25.000000 96.875000 100.000000
18.750000 21.875000 93.750000 96.875000
21.875000 25.000000 93.750000 96.875000
12.500000 18.750000 87.500000 93.750000
12.500000 15.625000 90.625000 93.750000
15.625000 18.750000 90.625000 93.750000
12.500000 15.625000 87.500000 90.625000
15.625000 18.750000 87.500000 90.625000
18.750000 25.000000 87.500000 93.750000
18.750000 21.875000 90.625000 93.750000
21.875000 25.000000 90.625000 93.750000
18.750000 21.875000 87.500000 90.625000
21.875000 25.000000 87.500000 90.625000
21.875000 23.437500 89.062500 90.625000
23.437500 25.000000 89.062500 90.625000
21.875000 23.437500 87.500000 89.062500
23.437500 25.000000 87.500000 89.062500
0.000000 12.500000 75.000000 87.500000
0.000000 6.250000 81.250000 87.500000
0.000000 3.125000 84.375000 87.500000
3.125000 6.250000 84.375000 87.500000
0.000000 3.125000 81.250000 84.375000
3.125000 6.250000 81.250000 84.375000
6.250000 12.500000 81.250000 87.500000
6.250000 9.375000 84.375000 87.500000
9.375000 12.500000 84.375000 87.500000
6.250000 9.375000 81.250000 84.375000
9.375000 12.500000 81.250000 84.375000
0.000000 6.250000 75.000000 81.250000
0.000000 3.125000 78.125000 81.250000
3.125000 6.250000 78.125000 81.250000
0.000000 3.125000 75.000000 78.125000
0.000000 1.562500 76.562500 78.125000
1.562500 3.125000 76.562500 78.125000
0.000000 1.562500 75.000000 76.562500
1.562500 3.125000 75.000000 76.562500
3.125000 6.250000 75.000000 78.125000
3.125000 4.687500 76.562500 78.125000
4.687500 6.250000 76.562500 78.125000
3.125000 4.687500 75.000000 76.562500
4.687500 6.250000 75.000000 76.562500
6.250000 12.500000 75.000000 81.250000
6.250000 9.375000 78.125000 81.250000
9.375000 12.500000 78.125000 81.250000
9.375000 10.937500 79.687500 81.250000
10.937500 12.500000 79.687500 81.250000
9.375000 10.937500 78.125000 79.687500
10.937500 12.500000 78.125000 79.687500
6.250000 9.375000 75.000000 78.125000
9.375000 12.500000 75.000000 78.125000
12.500000 25.000000 75.000000 87.500000
12.500000 18.750000 81.250000 87.500000
12.500000 15.625000 84.375000 87.500000
15.625000 18.750000 84.375000 87.500000
12.500000 15.625000 81.250000 84.375000
15.625000 18.750000 81.250000 84.375000
18.750000 25.000000 81.250000 87.500000
18.750000 21.875000 84.375000 87.500000
21.875000 25.000000 84.375000 87.500000
21.875000 23.437500 85.937500 87.500000
21.875000 22.656250 86.718750 87.500000
22.656250 23.437500 86.718750 87.500000
21.875000 22.656250 85.937500 86.718750
22.656250 23.437500 85.937500 86.718750
23.437500 25.000000 85.937500 87.500000
21.875000 23.437500 84.375000 85.937500
23.437500 25.000000 84.375000 85.937500
18.750000 21.875000 81.250000 84.375000
21.875000 25.000000 81.250000 84.375000
12.500000 18.750000 75.000000 81.250000
18.750000 25.000000 75.000000 81.250000
18.750000 21.875000 78.125000 81.250000
21.875000 25.000000 78.125000 81.250000
18.750000 21.875000 75.000000 78.125000
21.875000 25.000000 75.000000 78.125000
25.000000 50.000000 75.000000 100.000000
25.000000 37.500000 87.500000 100.000000
25.000000 31.250000 93.750000 100.000000
25.000000 28.125000 96.875000 100.000000
25.000000 26.562500 98.437500 100.000000
26.562500 28.125000 98.437500 100.000000
25.000000 26.562500 96.875000 98.437500
26.562500 28.125000 96.875000 98.437500
28.125000 31.250000 96.875000 100.000000
25.000000 28.125000 93.750000 96.875000
28.125000 31.250000 93.750000 96.875000
31.250000 37.500000 93.750000 100.000000
31.250000 34.375000 96.875000 100.000000
31.250000 32.812500 98.437500 100.000000
32.812500 34.375000 98.437500 100.000000
31.250000 32.812500 96.875000 98.437500
32.812500 34.375000 96.875000 98.437500
32.812500 33.593750 97.656250 98.437500
33.593750 34.375000 97.656250 98.437500
32.812500 33.593750 96.875000 97.656250
33.593750 34.375000 96.875000 97.656250
34.375000 37.500000 96.875000 100.000000
31.250000 34.375000 93.750000 96.875000
34.375000 37.500000 93.750000 96.875000
25.000000 31.250000 87.500000 93.750000
25.000000 28.125000 90.625000 93.750000
25.000000 26.562500 92.187500 93.750000
26.562500 28.125000 92.187500 93.750000
25.000000 26.562500 90.625000 92.187500
26.562500 28.125000 90.625000 92.187500
28.125000 31.250000 90.625000 93.750000
25.000000 28.125000 87.500000 90.625000
25.000000 26.562500 89.062500 90.625000
26.562500 28.125000 89.062500 90.625000
25.000000 26.562500 87.500000 89.062500
26.562500 28.125000 87.500000 89.062500
28.125000 31.250000 87.500000 90.625000
31.250000 37.500000 87.500000 93.750000
31.250000 34.375000 90.625000 93.750000
34.375000 37.500000 90.625000 93.750000
31.250000 34.375000 87.500000 90.625000
34.375000 37.500000 87.500000 90.625000
37.500000 50.000000 87.500000 100.000000
37.500000 43.750000 93.750000 100.000000
37.500000 40.625000 96.875000 100.000000
40.625000 43.750000 96.875000 100.000000
37.500000 40.625000 93.750000 96.875000
40.625000 43.750000 93.750000 96.875000
43.750000 50.000000 93.750000 100.000000
43.750000 46.875000 96.875000 100.000000
46.875000 50.000000 96.875000 100.000000
43.750000 46.875000 93.750000 96.875000
46.875000 50.000000 93.750000 96.875000
37.500000 43.750000 87.500000 93.750000
37.500000 40.625000 90.625000 93.750000
40.625000 43.750000 90.625000 93.750000
40.625000 42.187500 92.187500 93.750000
42.187500 43.750000 92.187500 93.750000
40.625000 42.187500 90.625000 92.187500
42.187500 43.750000 90.625000 92.187500
37.500000 40.625000 87.500000 90.625000
40.625000 43.750000 87.500000 90.625000
43.750000 50.000000 87.500000 93.750000
43.750000 46.875000 90.625000 93.750000
46.875000 50.000000 90.625000 93.750000
43.750000 46.875000 87.500000 90.625000
46.875000 50.000000 87.500000 90.625000
46.875000 48.437500 89.062500 90.625000
48.437500 50.000000 89.062500 90.625000
46.875000 48.437500 87.500000 89.062500
48.437500 50.000000 87.500000 89.062500
25.000000 37.500000 75.000000 87.500000
25.000000 31.250000 81.250000 87.500000
25.000000 28.125000 84.375000 87.500000
25.000000 26.562500 85.937500 87.500000
26.562500 28.125000 85.937500 87.500000
25.000000 26.562500 84.375000 85.937500
26.562500 28.125000 84.375000 85.937500
28.125000 31.250000 84.375000 87.500000
25.000000 28.125000 81.250000 84.375000
25.000000 26.562500 82.812500 84.375000
25.000000 25.781250 83.593750 84.375000
25.781250 26.562500 83.593750 84.375000
25.000000 25.781250 82.812500 83.593750
25.781250 26.562500 82.812500 83.593750
26.562500 28.125000 82.812500 84.375000
25.000000 26.562500 81.250000 82.812500
26.562500 28.125000 81.250000 82.812500
28.125000 31.250000 81.250000 84.375000
31.250000 37.500000 81.250000 87.500000
31.250000 34.375000 84.375000 87.500000
31.250000 32.812500 85.937500 87.500000
32.812500 34.375000 85.937500 87.500000
31.250000 32.812500 84.375000 85.937500
32.812500 34.375000 84.375000 85.937500
34.375000 37.500000 84.375000 87.500000
31.250000 34.375000 81.250000 84.375000
31.250000 32.812500 82.812500 84.375000
32.812500 34.375000 82.812500 84.375000
31.250000 32.812500 81.250000 82.812500
32.812500 34.375000 81.250000 82.812500
34.375000 37.500000 81.250000 84.375000
25.000000 31.250000 75.000000 81.250000
31.250000 37.500000 75.000000 81.250000
31.250000 34.375000 78.125000 81.250000
34.375000 37.500000 78.125000 81.250000
31.250000 34.375000 75.000000 78.125000
34.375000 37.500000 75.000000 78.125000
37.500000 50.000000 75.000000 87.500000
37.500000 43.750000 81.250000 87.500000
43.750000 50.000000 81.250000 87.500000
43.750000 46.875000 84.375000 87.500000
46.875000 50.000000 84.375000 87.500000
43.750000 46.875000 81.250000 84.375000
43.750000 45.312500 82.812500 84.375000
45.312500 46.875000 82.812500 84.375000
43.750000 45.312500 81.250000 82.812500
45.312500 46.875000 81.250000 82.812500
46.875000 50.000000 81.250000 84.375000
37.500000 43.750000 75.000000 81.250000
37.500000 40.625000 78.125000 81.250000
40.625000 43.750000 78.125000 81.250000
40.625000 42.187500 79.687500 81.250000
42.187500 43.750000 79.687500 81.250000
40.625000 42.187500 78.125000 79.687500
42.187500 43.750000 78.125000 79.687500
37.500000 40.625000 75.000000 78.125000
40.625000 43.750000 75.000000 78.125000
43.750000 50.000000 75.000000 81.250000
0.000000 25.000000 50.000000 75.000000
0.000000 12.500000 62.500000 75.000000
0.000000 6.250000 68.750000 75.000000
6.250000 12.500000 68.750000 75.000000
6.250000 9.375000 71.875000 75.000000
9.375000 12.500000 71.875000 75.000000
6.250000 9.375000 68.750000 71.875000
9.375000 12.500000 68.750000 71.875000
0.000000 6.250000 62.500000 68.750000
0.000000 3.125000 65.625000 68.750000
3.125000 6.250000 65.625000 68.750000
0.000000 3.125000 62.500000 65.625000
3.125000 6.250000 62.500000 65.625000
6.250000 12.500000 62.500000 68.750000
6.250000 9.375000 65.625000 68.750000
9.375000 12.500000 65.625000 68.750000
6.250000 9.375000 62.500000 65.625000
9.375000 12.500000 62.500000 65.625000
12.500000 25.000000 62.500000 75.000000
12.500000 18.750000 68.750000 75.000000
12.500000 15.625000 71.875000 75.000000
15.625000 18.750000 71.875000 75.000000
12.500000 15.625000 68.750000 71.875000
12.500000 14.062500 70.312500 71.875000
14.062500 15.625000 70.312500 71.875000
12.500000 14.062500 68.750000 70.312500
14.062500 15.625000 68.750000 70.312500
15.625000 18.750000 68.750000 71.875000
18.750000 25.000000 68.750000 75.000000
18.750000 21.875000 71.875000 75.000000
21.875000 25.000000 71.875000 75.000000
18.750000 21.875000 68.750000 71.875000
21.875000 25.000000 68.750000 71.875000
12.500000 18.750000 62.500000 68.750000
12.500000 15.625000 65.625000 68.750000
12.500000 14.062500 67.187500 68.750000
14.062500 15.625000 67.187500 68.750000
12.500000 14.062500 65.625000 67.187500
14.062500 15.625000 65.625000 67.187500
15.625000 18.750000 65.625000 68.750000
12.500000 15.625000 62.500000 65.625000
15.625000 18.750000 62.500000 65.625000
15.625000 17.187500 64.062500 65.625000
17.187500 18.750000 64.062500 65.625000
15.625000 17.187500 62.500000 64.062500
17.187500 18.750000 62.500000 64.062500
18.750000 25.000000 62.500000 68.750000
18.750000 21.875000 65.625000 68.750000
18.750000 20.312500 67.187500 68.750000
20.312500 21.875000 67.187500 68.750000
18.750000 20.312500 65.625000 67.187500
20.312500 21.875000 65.625000 67.187500
20.312500 21.093750 66.406250 67.187500
21.093750 21.875000 66.406250 67.187500
20.312500 21.093750 65.625000 66.406250
21.093750 21.875000 65.625000 66.406250
21.875000 25.000000 65.625000 68.750000
18.750000 21.875000 62.500000 65.625000
21.875000 25.000000 62.500000 65.625000
0.000000 12.500000 50.000000 62.500000
0.000000 6.250000 56.250000 62.500000
0.000000 3.125000 59.375000 62.500000
0.000000 1.562500 60.937500 62.500000
1.562500 3.125000 60.937500 62.500000
0.000000 1.562500 59.375000 60.937500
1.562500 3.125000 59.375000 60.937500
3.125000 6.250000 59.375000 62.500000
3.125000 4.687500 60.937500 62.500000
4.687500 6.250000 60.937500 62.500000
3.125000 4.687500 59.375000 60.937500
4.687500 6.250000 59.375000 60.937500
0.000000 3.125000 56.250000 59.375000
3.125000 6.250000 56.250000 59.375000
6.250000 12.500000 56.250000 62.500000
6.250000 9.375000 59.375000 62.500000
9.375000 12.500000 59.375000 62.500000
6.250000 9.375000 56.250000 59.375000
9.375000 12.500000 56.250000 59.375000
0.000000 6.250000 50.000000 56.250000
0.000000 3.125000 53.125000 56.250000
3.125000 6.250000 53.125000 56.250000
0.000000 3.125000 50.000000 53.125000
3.125000 6.250000 50.000000 53.125000
6.250000 12.500000 50.000000 56.250000
6.250000 9.375000 53.125000 56.250000
9.375000 12.500000 53.125000 56.250000
9.375000 10.937500 54.687500 56.250000
10.937500 12.500000 54.687500 56.250000
9.375000 10.937500 53.125000 54.687500
10.937500 12.500000 53.125000 54.687500
6.250000 9.375000 50.000000 53.125000
9.375000 12.500000 50.000000 53.125000
12.500000 25.000000 50.000000 62.500000
12.500000 18.750000 56.250000 62.500000
12.500000 15.625000 59.375000 62.500000
15.625000 18.750000 59.375000 62.500000
12.500000 15.625000 56.250000 59.375000
12.500000 14.062500 57.812500 59.375000
14.062500 15.625000 57.812500 59.375000
12.500000 14.062500 56.250000 57.812500
14.062500 15.625000 56.250000 57.812500
15.625000 18.750000 56.250000 59.375000
18.750000 25.000000 56.250000 62.500000
18.750000 21.875000 59.375000 62.500000
18.750000 20.312500 60.937500 62.500000
20.312500 21.875000 60.937500 62.500000
18.750000 20.312500 59.375000 60.937500
20.312500 21.875000 59.375000 60.937500
21.875000 25.000000 59.375000 62.500000
18.750000 21.875000 56.250000 59.375000
18.750000 20.312500 57.812500 59.375000
20.312500 21.875000 57.812500 59.375000
18.750000 20.312500 56.250000 57.812500
20.312500 21.875000 56.250000 57.812500
21.875000 25.000000 56.250000 59.375000
12.500000 18.750000 50.000000 56.250000
12.500000 15.625000 53.125000 56.250000
12.500000 14.062500 54.687500 56.250000
14.062500 15.625000 54.687500 56.250000
12.500000 14.062500 53.125000 54.687500
14.062500 15.625000 53.125000 54.687500
15.625000 18.750000 53.125000 56.250000
12.500000 15.625000 50.000000 53.125000
15.625000 18.750000 50.000000 53.125000
15.625000 17.187500 51.562500 53.125000
17.187500 18.750000 51.562500 53.125000
15.625000 17.187500 50.000000 51.562500
17.187500 18.750000 50.000000 51.562500
18.750000 25.000000 50.000000 56.250000
18.750000 21.875000 53.125000 56.250000
21.875000 25.000000 53.125000 56.250000
18.750000 21.875000 50.000000 53.125000
21.875000 25.000000 50.000000 53.125000
25.000000 50.000000 50.000000 75.000000
25.000000 37.500000 62.500000 75.000000
25.000000 31.250000 68.750000 75.000000
25.000000 28.125000 71.875000 75.000000
28.125000 31.250000 71.875000 75.000000
25.000000 28.125000 68.750000 71.875000
28.125000 31.250000 68.750000 71.875000
28.125000 29.687500 70.312500 71.875000
29.687500 31.250000 70.312500 71.875000
28.125000 29.687500 68.750000 70.312500
29.687500 31.250000 68.750000 70.312500
31.250000 37.500000 68.750000 75.000000
31.250000 34.375000 71.875000 75.000000
34.375000 37.500000 71.875000 75.000000
31.250000 34.375000 68.750000 71.875000
34.375000 37.500000 68.750000 71.875000
25.000000 31.250000 62.500000 68.750000
25.000000 28.125000 65.625000 68.750000
25.000000 26.562500 67.187500 68.750000
26.562500 28.125000 67.187500 68.750000
25.000000 26.562500 65.625000 67.187500
26.562500 28.125000 65.625000 67.187500
28.125000 31.250000 65.625000 68.750000
25.000000 28.125000 62.500000 65.625000
28.125000 31.250000 62.500000 65.625000
31.250000 37.500000 62.500000 68.750000
31.250000 34.375000 65.625000 68.750000
34.375000 37.500000 65.625000 68.750000
31.250000 34.375000 62.500000 65.625000
34.375000 37.500000 62.500000 65.625000
34.375000 35.937500 64.062500 65.625000
35.937500 37.500000 64.062500 65.625000
34.375000 35.937500 62.500000 64.062500
35.937500 37.500000 62.500000 64.062500
37.500000 50.000000 62.500000 75.000000
37.500000 43.750000 68.750000 75.000000
37.500000 40.625000 71.875000 75.000000
40.625000 43.750000 71.875000 75.000000
40.625000 42.187500 73.437500 75.000000
42.187500 43.750000 73.437500 75.000000
40.625000 42.187500 71.875000 73.437500
42.187500 43.750000 71.875000 73.437500
37.500000 40.625000 68.750000 71.875000
37.500000 39.062500 70.312500 71.875000
39.062500 40.625000 70.312500 71.875000
37.500000 39.062500 68.750000 70.312500
39.062500 40.625000 68.750000 70.312500
40.625000 43.750000 68.750000 71.875000
43.750000 50.000000 68.750000 75.000000
43.750000 46.875000 71.875000 75.000000
46.875000 50.000000 71.875000 75.000000
46.875000 48.437500 73.437500 75.000000
48.437500 50.000000 73.437500 75.000000
46.875000 48.437500 71.875000 73.437500
48.437500 50.000000 71.875000 73.437500
43.750000 46.875000 68.750000 71.875000
46.875000 50.000000 68.750000 71.875000
37.500000 43.750000 62.500000 68.750000
37.500000 40.625000 65.625000 68.750000
37.500000 39.062500 67.187500 68.750000
39.062500 40.625000 67.187500 68.750000
37.500000 39.062500 65.625000 67.187500
37.500000 38.281250 66.406250 67.187500
38.281250 39.062500 66.406250 67.187500
37.500000 38.281250 65.625000 66.406250
38.281250 39.062500 65.625000 66.406250
39.062500 40.625000 65.625000 67.187500
40.625000 43.750000 65.625000 68.750000
40.625000 42.187500 67.187500 68.750000
42.187500 43.750000 67.187500 68.750000
40.625000 42.187500 65.625000 67.187500
42.187500 43.750000 65.625000 67.187500
37.500000 40.625000 62.500000 65.625000
37.500000 39.062500 64.062500 65.625000
39.062500 40.625000 64.062500 65.625000
37.500000 39.062500 62.500000 64.062500
39.062500 40.625000 62.500000 64.062500
40.625000 43.750000 62.500000 65.625000
43.750000 50.000000 62.500000 68.750000
43.750000 46.875000 65.625000 68.750000
46.875000 50.000000 65.625000 68.750000
43.750000 46.875000 62.500000 65.625000
46.875000 50.000000 62.500000 65.625000
25.000000 37.500000 50.000000 62.500000
25.000000 31.250000 56.250000 62.500000
25.000000 28.125000 59.375000 62.500000
28.125000 31.250000 59.375000 62.500000
25.000000 28.125000 56.250000 59.375000
25.000000 26.562500 57.812500 59.375000
26.562500 28.125000 57.812500 59.375000
25.000000 26.562500 56.250000 57.812500
26.562500 28.125000 56.250000 57.812500
28.125000 31.250000 56.250000 59.375000
31.250000 37.500000 56.250000 62.500000
31.250000 34.375000 59.375000 62.500000
34.375000 37.500000 59.375000 62.500000
34.375000 35.937500 60.937500 62.500000
35.937500 37.500000 60.937500 62.500000
34.375000 35.937500 59.375000 60.937500
35.937500 37.500000 59.375000 60.937500
31.250000 34.375000 56.250000 59.375000
34.375000 37.500000 56.250000 59.375000
25.000000 31.250000 50.000000 56.250000
25.000000 28.125000 53.125000 56.250000
28.125000 31.250000 53.125000 56.250000
25.000000 28.125000 50.000000 53.125000
28.125000 31.250000 50.000000 53.125000
31.250000 37.500000 50.000000 56.250000
31.250000 34.375000 53.125000 56.250000
31.250000 32.812500 54.687500 56.250000
32.812500 34.375000 54.687500 56.250000
31.250000 32.812500 53.125000 54.687500
32.812500 34.375000 53.125000 54.687500
34.375000 37.500000 53.125000 56.250000
31.250000 34.375000 50.000000 53.125000
34.375000 37.500000 50.000000 53.125000
34.375000 35.937500 51.562500 53.125000
35.937500 37.500000 51.562500 53.125000
34.375000 35.937500 50.000000 51.562500
35.937500 37.500000 50.000000 51.562500
37.500000 50.000000 50.000000 62.500000
37.500000 43.750000 56.250000 62.500000
37.500000 40.625000 59.375000 62.500000
40.625000 43.750000 59.375000 62.500000
37.500000 40.625000 56.250000 59.375000
40.625000 43.750000 56.250000 59.375000
43.750000 50.000000 56.250000 62.500000
43.750000 46.875000 59.375000 62.500000
46.875000 50.000000 59.375000 62.500000
43.750000 46.875000 56.250000 59.375000
46.875000 50.000000 56.250000 59.375000
37.500000 43.750000 50.000000 56.250000
37.500000 40.625000 53.125000 56.250000
40.625000 43.750000 53.125000 56.250000
37.500000 40.625000 50.000000 53.125000
40.625000 43.750000 50.000000 53.125000
43.750000 50.000000 50.000000 56.250000
43.750000 46.875000 53.125000 56.250000
46.875000 50.000000 53.125000 56.250000
46.875000 48.437500 54.687500 56.250000
48.437500 50.000000 54.687500 56.250000
46.875000 48.437500 53.125000 54.687500
48.437500 50.000000 53.125000 54.687500
43.750000 46.875000 50.000000 53.125000
46.875000 50.000000 50.000000 53.125000
46.875000 48.437500 51.562500 53.125000
48.437500 50.000000 51.562500 53.125000
46.875000 48.437500 50.000000 51.562500
48.437500 50.000000 50.000000 51.562500
50.000000 100.000000 50.000000 100.000000
50.000000 75.000000 75.000000 100.000000
50.000000 62.500000 87.500000 100.000000
50.000000 56.250000 93.750000 100.000000
50.000000 53.125000 96.875000 100.000000
50.000000 51.562500 98.437500 100.000000
51.562500 53.125000 98.437500 100.000000
50.000000 51.562500 96.875000 98.437500
51.562500 53.125000 96.875000 98.437500
53.125000 56.250000 96.875000 100.000000
50.000000 53.125000 93.750000 96.875000
50.000000 51.562500 95.312500 96.875000
51.562500 53.125000 95.312500 96.875000
50.000000 51.562500 93.750000 95.312500
51.562500 53.125000 93.750000 95.312500
53.125000 56.250000 93.750000 96.875000
56.250000 62.500000 93.750000 100.000000
56.250000 59.375000 96.875000 100.000000
59.375000 62.500000 96.875000 100.000000
56.250000 59.375000 93.750000 96.875000
59.375000 62.500000 93.750000 96.875000
50.000000 56.250000 87.500000 93.750000
50.000000 53.125000 90.625000 93.750000
53.125000 56.250000 90.625000 93.750000
50.000000 53.125000 87.500000 90.625000
53.125000 56.250000 87.500000 90.625000
56.250000 62.500000 87.500000 93.750000
56.250000 59.375000 90.625000 93.750000
59.375000 62.500000 90.625000 93.750000
56.250000 59.375000 87.500000 90.625000
59.375000 62.500000 87.500000 90.625000
59.375000 60.937500 89.062500 90.625000
60.937500 62.500000 89.062500 90.625000
59.375000 60.937500 87.500000 89.062500
60.937500 62.500000 87.500000 89.062500
62.500000 75.000000 87.500000 100.000000
62.500000 68.750000 93.750000 100.000000
62.500000 65.625000 96.875000 100.000000
65.625000 68.750000 96.875000 100.000000
65.625000 67.187500 98.437500 100.000000
67.187500 68.750000 98.437500 100.000000
65.625000 67.187500 96.875000 98.437500
67.187500 68.750000 96.875000 98.437500
62.500000 65.625000 93.750000 96.875000
65.625000 68.750000 93.750000 96.875000
65.625000 67.187500 95.312500 96.875000
67.187500 68.750000 95.312500 96.875000
65.625000 67.187500 93.750000 95.312500
67.187500 68.750000 93.750000 95.312500
68.750000 75.000000 93.750000 100.000000
68.750000 71.875000 96.875000 100.000000
71.875000 75.000000 96.875000 100.000000
68.750000 71.875000 93.750000 96.875000
68.750000 70.312500 95.312500 96.875000
70.312500 71.875000 95.312500 96.875000
68.750000 70.312500 93.750000 95.312500
70.312500 71.875000 93.750000 95.312500
71.875000 75.000000 93.750000 96.875000
62.500000 68.750000 87.500000 93.750000
62.500000 65.625000 90.625000 93.750000
65.625000 68.750000 90.625000 93.750000
62.500000 65.625000 87.500000 90.625000
65.625000 68.750000 87.500000 90.625000
68.750000 75.000000 87.500000 93.750000
68.750000 71.875000 90.625000 93.750000
71.875000 75.000000 90.625000 93.750000
68.750000 71.875000 87.500000 90.625000
71.875000 75.000000 87.500000 90.625000
50.000000 62.500000 75.000000 87.500000
50.000000 56.250000 81.250000 87.500000
56.250000 62.500000 81.250000 87.500000
56.250000 59.375000 84.375000 87.500000
59.375000 62.500000 84.375000 87.500000
56.250000 59.375000 81.250000 84.375000
59.375000 62.500000 81.250000 84.375000
59.375000 60.937500 82.812500 84.375000
60.937500 62.500000 82.812500 84.375000
59.375000 60.937500 81.250000 82.812500
60.937500 62.500000 81.250000 82.812500
50.000000 56.250000 75.000000 81.250000
50.000000 53.125000 78.125000 81.250000
53.125000 56.250000 78.125000 81.250000
50.000000 53.125000 75.000000 78.125000
53.125000 56.250000 75.000000 78.125000
56.250000 62.500000 75.000000 81.250000
56.250000 59.375000 78.125000 81.250000
59.375000 62.500000 78.125000 81.250000
56.250000 59.375000 75.000000 78.125000
59.375000 62.500000 75.000000 78.125000
62.500000 75.000000 75.000000 87.500000
62.500000 68.750000 81.250000 87.500000
62.500000 65.625000 84.375000 87.500000
65.625000 68.750000 84.375000 87.500000
62.500000 65.625000 81.250000 84.375000
65.625000 68.750000 81.250000 84.375000
68.750000 75.000000 81.250000 87.500000
68.750000 71.875000 84.375000 87.500000
71.875000 75.000000 84.375000 87.500000
68.750000 71.875000 81.250000 84.375000
68.750000 70.312500 82.812500 84.375000
70.312500 71.875000 82.812500 84.375000
68.750000 70.312500 81.250000 82.812500
70.312500 71.875000 81.250000 82.812500
71.875000 75.000000 81.250000 84.375000
62.500000 68.750000 75.000000 81.250000
62.500000 65.625000 78.125000 81.250000
65.625000 68.750000 78.125000 81.250000
62.500000 65.625000 75.000000 78.125000
65.625000 68.750000 75.000000 78.125000
65.625000 67.187500 76.562500 78.125000
67.187500 68.750000 76.562500 78.125000
65.625000 67.187500 75.000000 76.562500
67.187500 68.750000 75.000000 76.562500
68.750000 75.000000 75.000000 81.250000
68.750000 71.875000 78.125000 81.250000
71.875000 75.000000 78.125000 81.250000
68.750000 71.875000 75.000000 78.125000
71.875000 75.000000 75.000000 78.125000
71.875000 73.437500 76.562500 78.125000
73.437500 75.000000 76.562500 78.125000
71.875000 73.437500 75.000000 76.562500
73.437500 75.000000 75.000000 76.562500
75.000000 100.000000 75.000000 100.000000
75.000000 87.500000 87.500000 100.000000
75.000000 81.250000 93.750000 100.000000
75.000000 78.125000 96.875000 100.000000
78.125000 81.250000 96.875000 100.000000
75.000000 78.125000 93.750000 96.875000
78.125000 81.250000 93.750000 96.875000
81.250000 87.500000 93.750000 100.000000
81.250000 84.375000 96.875000 100.000000
84.375000 87.500000 96.875000 100.000000
81.250000 84.375000 93.750000 96.875000
84.375000 87.500000 93.750000 96.875000
75.000000 81.250000 87.500000 93.750000
75.000000 78.125000 90.625000 93.750000
78.125000 81.250000 90.625000 93.750000
78.125000 79.687500 92.187500 93.750000
79.687500 81.250000 92.187500 93.750000
78.125000 79.687500 90.625000 92.187500
79.687500 81.250000 90.625000 92.187500
75.000000 78.125000 87.500000 90.625000
78.125000 81.250000 87.500000 90.625000
81.250000 87.500000 87.500000 93.750000
81.250000 84.375000 90.625000 93.750000
84.375000 87.500000 90.625000 93.750000
81.250000 84.375000 87.500000 90.625000
84.375000 87.500000 87.500000 90.625000
87.500000 100.000000 87.500000 100.000000
87.500000 93.750000 93.750000 100.000000
87.500000 90.625000 96.875000 100.000000
90.625000 93.750000 96.875000 100.000000
87.500000 90.625000 93.750000 96.875000
90.625000 93.750000 93.750000 96.875000
93.750000 100.000000 93.750000 100.000000
93.750000 96.875000 96.875000 100.000000
93.750000 95.312500 98.437500 100.000000
93.750000 94.531250 99.218750 100.000000
94.531250 95.312500 99.218750 100.000000
93.750000 94.531250 98.437500 99.218750
94.531250 95.312500 98.437500 99.218750
95.312500 96.875000 98.437500 100.000000
93.750000 95.312500 96.875000 98.437500
95.312500 96.875000 96.875000 98.437500
96.875000 100.000000 96.875000 100.000000
93.750000 96.875000 93.750000 96.875000
96.875000 100.000000 93.750000 96.875000
87.500000 93.750000 87.500000 93.750000
87.500000 90.625000 90.625000 93.750000
90.625000 93.750000 90.625000 93.750000
87.500000 90.625000 87.500000 90.625000
90.625000 93.750000 87.500000 90.625000
90.625000 92.187500 89.062500 90.625000
92.187500 93.750000 89.062500 90.625000
90.625000 92.187500 87.500000 89.062500
92.187500 93.750000 87.500000 89.062500
93.750000 100.000000 87.500000 93.750000
93.750000 96.875000 90.625000 93.750000
96.875000 100.000000 90.625000 93.750000
93.750000 96.875000 87.500000 90.625000
96.875000 100.000000 87.500000 90.625000
75.000000 87.500000 75.000000 87.500000
75.000000 81.250000 81.250000 87.500000
75.000000 78.125000 84.375000 87.500000
78.125000 81.250000 84.375000 87.500000
75.000000 78.125000 81.250000 84.375000
75.000000 76.562500 82.812500 84.375000
76.562500 78.125000 82.812500 84.375000
75.000000 76.562500 81.250000 82.812500
76.562500 78.125000 81.250000 82.812500
78.125000 81.250000 81.250000 84.375000
81.250000 87.500000 81.250000 87.500000
81.250000 84.375000 84.375000 87.500000
84.375000 87.500000 84.375000 87.500000
81.250000 84.375000 81.250000 84.375000
84.375000 87.500000 81.250000 84.375000
75.000000 81.250000 75.000000 81.250000
75.000000 78.125000 78.125000 81.250000
78.125000 81.250000 78.125000 81.250000
75.000000 78.125000 75.000000 78.125000
78.125000 81.250000 75.000000 78.125000
78.125000 79.687500 76.562500 78.125000
79.687500 81.250000 76.562500 78.125000
78.125000 79.687500 75.000000 76.562500
79.687500 81.250000 75.000000 76.562500
79.687500 80.468750 75.781250 76.562500
80.468750 81.250000 75.781250 76.562500
79.687500 80.468750 75.000000 75.781250
80.468750 81.250000 75.000000 75.781250
81.250000 87.500000 75.000000 81.250000
81.250000 84.375000 78.125000 81.250000
84.375000 87.500000 78.125000 81.250000
84.375000 85.937500 79.687500 81.250000
85.937500 87.500000 79.687500 81.250000
84.375000 85.937500 78.125000 79.687500
85.937500 87.500000 78.125000 79.687500
81.250000 84.375000 75.000000 78.125000
81.250000 82.812500 76.562500 78.125000
82.812500 84.375000 76.562500 78.125000
81.250000 82.812500 75.000000 76.562500
82.812500 84.375000 75.000000 76.562500
84.375000 87.500000 75.000000 78.125000
87.500000 100.000000 75.000000 87.500000
87.500000 93.750000 81.250000 87.500000
87.500000 90.625000 84.375000 87.500000
90.625000 93.750000 84.375000 87.500000
87.500000 90.625000 81.250000 84.375000
87.500000 89.062500 82.812500 84.375000
89.062500 90.625000 82.812500 84.375000
87.500000 89.062500 81.250000 82.812500
89.062500 90.625000 81.250000 82.812500
90.625000 93.750000 81.250000 84.375000
93.750000 100.000000 81.250000 87.500000
93.750000 96.875000 84.375000 87.500000
96.875000 100.000000 84.375000 87.500000
93.750000 96.875000 81.250000 84.375000
96.875000 100.000000 81.250000 84.375000
87.500000 93.750000 75.000000 81.250000
87.500000 90.625000 78.125000 81.250000
90.625000 93.750000 78.125000 81.250000
87.500000 90.625000 75.000000 78.125000
90.625000 93.750000 75.000000 78.125000
90.625000 92.187500 76.562500 78.125000
92.187500 93.750000 76.562500 78.125000
90.625000 92.187500 75.000000 76.562500
92.187500 93.750000 75.000000 76.562500
93.750000 100.000000 75.000000 81.250000
93.750000 96.875000 78.125000 81.250000
93.750000 95.312500 79.687500 81.250000
95.312500 96.875000 79.687500 81.250000
93.750000 95.312500 78.125000 79.687500
95.312500 96.875000 78.125000 79.687500
96.875000 100.000000 78.125000 81.250000
93.750000 96.875000 75.000000 78.125000
96.875000 100.000000 75.000000 78.125000
50.000000 75.000000 50.000000 75.000000
50.000000 62.500000 62.500000 75.000000
50.000000 56.250000 68.750000 75.000000
50.000000 53.125000 71.875000 75.000000
53.125000 56.250000 71.875000 75.000000
53.125000 54.687500 73.437500 75.000000
54.687500 56.250000 73.437500 75.000000
53.125000 54.687500 71.875000 73.437500
53.125000 53.906250 72.656250 73.437500
53.906250 54.687500 72.656250 73.437500
53.125000 53.906250 71.875000 72.656250
53.906250 54.687500 71.875000 72.656250
54.687500 56.250000 71.875000 73.437500
50.000000 53.125000 68.750000 71.875000
53.125000 56.250000 68.750000 71.875000
56.250000 62.500000 68.750000 75.000000
56.250000 59.375000 71.875000 75.000000
59.375000 62.500000 71.875000 75.000000
56.250000 59.375000 68.750000 71.875000
59.375000 62.500000 68.750000 71.875000
50.000000 56.250000 62.500000 68.750000
50.000000 53.125000 65.625000 68.750000
53.125000 56.250000 65.625000 68.750000
50.000000 53.125000 62.500000 65.625000
53.125000 56.250000 62.500000 65.625000
56.250000 62.500000 62.500000 68.750000
56.250000 59.375000 65.625000 68.750000
59.375000 62.500000 65.625000 68.750000
56.250000 59.375000 62.500000 65.625000
59.375000 62.500000 62.500000 65.625000
62.500000 75.000000 62.500000 75.000000
62.500000 68.750000 68.750000 75.000000
62.500000 65.625000 71.875000 75.000000
65.625000 68.750000 71.875000 75.000000
62.500000 65.625000 68.750000 71.875000
65.625000 68.750000 68.750000 71.875000
68.750000 75.000000 68.750000 75.000000
68.750000 71.875000 71.875000 75.000000
71.875000 75.000000 71.875000 75.000000
68.750000 71.875000 68.750000 71.875000
71.875000 75.000000 68.750000 71.875000
62.500000 68.750000 62.500000 68.750000
68.750000 75.000000 62.500000 68.750000
50.000000 62.500000 50.000000 62.500000
50.000000 56.250000 56.250000 62.500000
50.000000 53.125000 59.375000 62.500000
53.125000 56.250000 59.375000 62.500000
50.000000 53.125000 56.250000 59.375000
53.125000 56.250000 56.250000 59.375000
56.250000 62.500000 56.250000 62.500000
56.250000 59.375000 59.375000 62.500000
59.375000 62.500000 59.375000 62.500000
56.250000 59.375000 56.250000 59.375000
59.375000 62.500000 56.250000 59.375000
50.000000 56.250000 50.000000 56.250000
50.000000 53.125000 53.125000 56.250000
53.125000 56.250000 53.125000 56.250000
50.000000 53.125000 50.000000 53.125000
53.125000 56.250000 50.000000 53.125000
56.250000 62.500000 50.000000 56.250000
56.250000 59.375000 53.125000 56.250000
59.375000 62.500000 53.125000 56.250000
56.250000 59.375000 50.000000 53.125000
59.375000 62.500000 50.000000 53.125000
62.500000 75.000000 50.000000 62.500000
62.500000 68.750000 56.250000 62.500000
62.500000 65.625000 59.375000 62.500000
65.625000 68.750000 59.375000 62.500000
62.500000 65.625000 56.250000 59.375000
65.625000 68.750000 56.250000 59.375000
68.750000 75.000000 56.250000 62.500000
68.750000 71.875000 59.375000 62.500000
68.750000 70.312500 60.937500 62.500000
70.312500 71.875000 60.937500 62.500000
68.750000 70.312500 59.375000 60.937500
70.312500 71.875000 59.375000 60.937500
71.875000 75.000000 59.375000 62.500000
68.750000 71.875000 56.250000 59.375000
68.750000 70.312500 57.812500 59.375000
70.312500 71.875000 57.812500 59.375000
68.750000 70.312500 56.250000 57.812500
70.312500 71.875000 56.250000 57.812500
71.875000 75.000000 56.250000 59.375000
71.875000 73.437500 57.812500 59.375000
73.437500 75.000000 57.812500 59.375000
71.875000 73.437500 56.250000 57.812500
73.437500 75.000000 56.250000 57.812500
62.500000 68.750000 50.000000 56.250000
62.500000 65.625000 53.125000 56.250000
65.625000 68.750000 53.125000 56.250000
62.500000 65.625000 50.000000 53.125000
65.625000 68.750000 50.000000 53.125000
68.750000 75.000000 50.000000 56.250000
68.750000 71.875000 53.125000 56.250000
71.875000 75.000000 53.125000 56.250000
68.750000 71.875000 50.000000 53.125000
68.750000 70.312500 51.562500 53.125000
70.312500 71.875000 51.562500 53.125000
68.750000 70.312500 50.000000 51.562500
70.312500 71.875000 50.000000 51.562500
71.875000 75.000000 50.000000 53.125000
75.000000 100.000000 50.000000 75.000000
75.000000 87.500000 62.500000 75.000000
75.000000 81.250000 68.750000 75.000000
75.000000 78.125000 71.875000 75.000000
78.125000 81.250000 71.875000 75.000000
75.000000 78.125000 68.750000 71.875000
78.125000 81.250000 68.750000 71.875000
81.250000 87.500000 68.750000 75.000000
81.250000 84.375000 71.875000 75.000000
84.375000 87.500000 71.875000 75.000000
81.250000 84.375000 68.750000 71.875000
84.375000 87.500000 68.750000 71.875000
75.000000 81.250000 62.500000 68.750000
75.000000 78.125000 65.625000 68.750000
78.125000 81.250000 65.625000 68.750000
75.000000 78.125000 62.500000 65.625000
78.125000 81.250000 62.500000 65.625000
81.250000 87.500000 62.500000 68.750000
81.250000 84.375000 65.625000 68.750000
84.375000 87.500000 65.625000 68.750000
81.250000 84.375000 62.500000 65.625000
84.375000 87.500000 62.500000 65.625000
87.500000 100.000000 62.500000 75.000000
87.500000 93.750000 68.750000 75.000000
87.500000 90.625000 71.875000 75.000000
87.500000 89.062500 73.437500 75.000000
89.062500 90.625000 73.437500 75.000000
87.500000 89.062500 71.875000 73.437500
89.062500 90.625000 71.875000 73.437500
90.625000 93.750000 71.875000 75.000000
90.625000 92.187500 73.437500 75.000000
92.187500 93.750000 73.437500 75.000000
90.625000 92.187500 71.875000 73.437500
92.187500 93.750000 71.875000 73.437500
87.500000 90.625000 68.750000 71.875000
90.625000 93.750000 68.750000 71.875000
93.750000 100.000000 68.750000 75.000000
93.750000 96.875000 71.875000 75.000000
96.875000 100.000000 71.875000 75.000000
93.750000 96.875000 68.750000 71.875000
96.875000 100.000000 68.750000 71.875000
87.500000 93.750000 62.500000 68.750000
87.500000 90.625000 65.625000 68.750000
90.625000 93.750000 65.625000 68.750000
87.500000 90.625000 62.500000 65.625000
90.625000 93.750000 62.500000 65.625000
93.750000 100.000000 62.500000 68.750000
93.750000 96.875000 65.625000 68.750000
96.875000 100.000000 65.625000 68.750000
93.750000 96.875000 62.500000 65.625000
96.875000 100.000000 62.500000 65.625000
75.000000 87.500000 50.000000 62.500000
75.000000 81.250000 56.250000 62.500000
81.250000 87.500000 56.250000 62.500000
81.250000 84.375000 59.375000 62.500000
84.375000 87.500000 59.375000 62.500000
81.250000 84.375000 56.250000 59.375000
84.375000 87.500000 56.250000 59.375000
75.000000 81.250000 50.000000 56.250000
81.250000 87.500000 50.000000 56.250000
81.250000 84.375000 53.125000 56.250000
84.375000 87.500000 53.125000 56.250000
81.250000 84.375000 50.000000 53.125000
84.375000 87.500000 50.000000 53.125000
87.500000 100.000000 50.000000 62.500000
87.500000 93.750000 56.250000 62.500000
87.500000 90.625000 59.375000 62.500000
90.625000 93.750000 59.375000 62.500000
87.500000 90.625000 56.250000 59.375000
87.500000 89.062500 57.812500 59.375000
89.062500 90.625000 57.812500 59.375000
87.500000 89.062500 56.250000 57.812500
89.062500 90.625000 56.250000 57.812500
90.625000 93.750000 56.250000 59.375000
93.750000 100.000000 56.250000 62.500000
93.750000 96.875000 59.375000 62.500000
96.875000 100.000000 59.375000 62.500000
93.750000 96.875000 56.250000 59.375000
96.875000 100.000000 56.250000 59.375000
87.500000 93.750000 50.000000 56.250000
87.500000 90.625000 53.125000 56.250000
87.500000 89.062500 54.687500 56.250000
89.062500 90.625000 54.687500 56.250000
87.500000 89.062500 53.125000 54.687500
89.062500 90.625000 53.125000 54.687500
90.625000 93.750000 53.125000 56.250000
87.500000 90.625000 50.000000 53.125000
90.625000 93.750000 50.000000 53.125000
93.750000 100.000000 50.000000 56.250000
93.750000 96.875000 53.125000 56.250000
96.875000 100.000000 53.125000 56.250000
93.750000 96.875000 50.000000 53.125000
96.875000 100.000000 50.000000 53.125000
96.875000 98.437500 51.562500 53.125000
98.437500 100.000000 51.562500 53.125000
96.875000 98.437500 50.000000 51.562500
98.437500 100.000000 50.000000 51.562500
98.437500 99.218750 50.781250 51.562500
99.218750 100.000000 50.781250 51.562500
98.437500 99.218750 50.000000 50.781250
99.218750 100.000000 50.000000 50.781250
0.000000 50.000000 0.000000 50.000000
0.000000 25.000000 25.000000 50.000000
0.000000 12.500000 37.500000 50.000000
0.000000 6.250000 43.750000 50.000000
0.000000 3.125000 46.875000 50.000000
3.125000 6.250000 46.875000 50.000000
0.000000 3.125000 43.750000 46.875000
0.000000 1.562500 45.312500 46.875000
1.562500 3.125000 45.312500 46.875000
0.000000 1.562500 43.750000 45.312500
1.562500 3.125000 43.750000 45.312500
3.125000 6.250000 43.750000 46.875000
6.250000 12.500000 43.750000 50.000000
0.000000 6.250000 37.500000 43.750000
0.000000 3.125000 40.625000 43.750000
3.125000 6.250000 40.625000 43.750000
0.000000 3.125000 37.500000 40.625000
3.125000 6.250000 37.500000 40.625000
6.250000 12.500000 37.500000 43.750000
6.250000 9.375000 40.625000 43.750000
6.250000 7.812500 42.187500 43.750000
7.812500 9.375000 42.187500 43.750000
6.250000 7.812500 40.625000 42.187500
7.812500 9.375000 40.625000 42.187500
9.375000 12.500000 40.625000 43.750000
6.250000 9.375000 37.500000 40.625000
9.375000 12.500000 37.500000 40.625000
12.500000 25.000000 37.500000 50.000000
12.500000 18.750000 43.750000 50.000000
18.750000 25.000000 43.750000 50.000000
12.500000 18.750000 37.500000 43.750000
12.500000 15.625000 40.625000 43.750000
15.625000 18.750000 40.625000 43.750000
12.500000 15.625000 37.500000 40.625000
15.625000 18.750000 37.500000 40.625000
15.625000 17.187500 39.062500 40.625000
17.187500 18.750000 39.062500 40.625000
15.625000 17.187500 37.500000 39.062500
15.625000 16.406250 38.281250 39.062500
16.406250 17.187500 38.281250 39.062500
15.625000 16.406250 37.500000 38.281250
16.406250 17.187500 37.500000 38.281250
17.187500 18.750000 37.500000 39.062500
18.750000 25.000000 37.500000 43.750000
18.750000 21.875000 40.625000 43.750000
21.875000 25.000000 40.625000 43.750000
18.750000 21.875000 37.500000 40.625000
21.875000 25.000000 37.500000 40.625000
0.000000 12.500000 25.000000 37.500000
0.000000 6.250000 31.250000 37.500000
0.000000 3.125000 34.375000 37.500000
3.125000 6.250000 34.375000 37.500000
0.000000 3.125000 31.250000 34.375000
0.000000 1.562500 32.812500 34.375000
1.562500 3.125000 32.812500 34.375000
0.000000 1.562500 31.250000 32.812500
1.562500 3.125000 31.250000 32.812500
3.125000 6.250000 31.250000 34.375000
3.125000 4.687500 32.812500 34.375000
4.687500 6.250000 32.812500 34.375000
3.125000 4.687500 31.250000 32.812500
4.687500 6.250000 31.250000 32.812500
6.250000 12.500000 31.250000 37.500000
6.250000 9.375000 34.375000 37.500000
9.375000 12.500000 34.375000 37.500000
6.250000 9.375000 31.250000 34.375000
9.375000 12.500000 31.250000 34.375000
0.000000 6.250000 25.000000 31.250000
0.000000 3.125000 28.125000 31.250000
3.125000 6.250000 28.125000 31.250000
3.125000 4.687500 29.687500 31.250000
4.687500 6.250000 29.687500 31.250000
3.125000 4.687500 28.125000 29.687500
4.687500 6.250000 28.125000 29.687500
0.000000 3.125000 25.000000 28.125000
0.000000 1.562500 26.562500 28.125000
1.562500 3.125000 26.562500 28.125000
0.000000 1.562500 25.000000 26.562500
1.562500 3.125000 25.000000 26.562500
3.125000 6.250000 25.000000 28.125000
6.250000 12.500000 25.000000 31.250000
6.250000 9.375000 28.125000 31.250000
9.375000 12.500000 28.125000 31.250000
6.250000 9.375000 25.000000 28.125000
9.375000 12.500000 25.000000 28.125000
9.375000 10.937500 26.562500 28.125000
10.937500 12.500000 26.562500 28.125000
9.375000 10.937500 25.000000 26.562500
10.937500 12.500000 25.000000 26.562500
12.500000 25.000000 25.000000 37.500000
12.500000 18.750000 31.250000 37.500000
12.500000 15.625000 34.375000 37.500000
15.625000 18.750000 34.375000 37.500000
12.500000 15.625000 31.250000 34.375000
15.625000 18.750000 31.250000 34.375000
18.750000 25.000000 31.250000 37.500000
18.750000 21.875000 34.375000 37.500000
21.875000 25.000000 34.375000 37.500000
21.875000 23.437500 35.937500 37.500000
23.437500 25.000000 35.937500 37.500000
21.875000 23.437500 34.375000 35.937500
23.437500 25.000000 34.375000 35.937500
18.750000 21.875000 31.250000 34.375000
18.750000 20.312500 32.812500 34.375000
20.312500 21.875000 32.812500 34.375000
18.750000 20.312500 31.250000 32.812500
20.312500 21.875000 31.250000 32.812500
21.875000 25.000000 31.250000 34.375000
12.500000 18.750000 25.000000 31.250000
12.500000 15.625000 28.125000 31.250000
15.625000 18.750000 28.125000 31.250000
12.500000 15.625000 25.000000 28.125000
15.625000 18.750000 25.000000 28.125000
18.750000 25.000000 25.000000 31.250000
18.750000 21.875000 28.125000 31.250000
21.875000 25.000000 28.125000 31.250000
18.750000 21.875000 25.000000 28.125000
21.875000 25.000000 25.000000 28.125000
25.000000 50.000000 25.000000 50.000000
25.000000 37.500000 37.500000 50.000000
25.000000 31.250000 43.750000 50.000000
31.250000 37.500000 43.750000 50.000000
31.250000 34.375000 46.875000 50.000000
34.375000 37.500000 46.875000 50.000000
31.250000 34.375000 43.750000 46.875000
34.375000 37.500000 43.750000 46.875000
25.000000 31.250000 37.500000 43.750000
25.000000 28.125000 40.625000 43.750000
28.125000 31.250000 40.625000 43.750000
25.000000 28.125000 37.500000 40.625000
25.000000 26.562500 39.062500 40.625000
26.562500 28.125000 39.062500 40.625000
25.000000 26.562500 37.500000 39.062500
26.562500 28.125000 37.500000 39.062500
28.125000 31.250000 37.500000 40.625000
31.250000 37.500000 37.500000 43.750000
31.250000 34.375000 40.625000 43.750000
34.375000 37.500000 40.625000 43.750000
31.250000 34.375000 37.500000 40.625000
31.250000 32.812500 39.062500 40.625000
32.812500 34.375000 39.062500 40.625000
31.250000 32.812500 37.500000 39.062500
32.812500 34.375000 37.500000 39.062500
34.375000 37.500000 37.500000 40.625000
37.500000 50.000000 37.500000 50.000000
37.500000 43.750000 43.750000 50.000000
37.500000 40.625000 46.875000 50.000000
40.625000 43.750000 46.875000 50.000000
37.500000 40.625000 43.750000 46.875000
40.625000 43.750000 43.750000 46.875000
43.750000 50.000000 43.750000 50.000000
37.500000 43.750000 37.500000 43.750000
37.500000 40.625000 40.625000 43.750000
40.625000 43.750000 40.625000 43.750000
37.500000 40.625000 37.500000 40.625000
40.625000 43.750000 37.500000 40.625000
40.625000 42.187500 39.062500 40.625000
42.187500 43.750000 39.062500 40.625000
40.625000 42.187500 37.500000 39.062500
42.187500 43.750000 37.500000 39.062500
43.750000 50.000000 37.500000 43.750000
43.750000 46.875000 40.625000 43.750000
46.875000 50.000000 40.625000 43.750000
43.750000 46.875000 37.500000 40.625000
43.750000 45.312500 39.062500 40.625000
45.312500 46.875000 39.062500 40.625000
43.750000 45.312500 37.500000 39.062500
45.312500 46.875000 37.500000 39.062500
46.875000 50.000000 37.500000 40.625000
25.000000 37.500000 25.000000 37.500000
25.000000 31.250000 31.250000 37.500000
25.000000 28.125000 34.375000 37.500000
28.125000 31.250000 34.375000 37.500000
25.000000 28.125000 31.250000 34.375000
25.000000 26.562500 32.812500 34.375000
26.562500 28.125000 32.812500 34.375000
25.000000 26.562500 31.250000 32.812500
26.562500 28.125000 31.250000 32.812500
28.125000 31.250000 31.250000 34.375000
31.250000 37.500000 31.250000 37.500000
31.250000 34.375000 34.375000 37.500000
34.375000 37.500000 34.375000 37.500000
31.250000 34.375000 31.250000 34.375000
31.250000 32.812500 32.812500 34.375000
32.812500 34.375000 32.812500 34.375000
31.250000 32.812500 31.250000 32.812500
32.812500 34.375000 31.250000 32.812500
34.375000 37.500000 31.250000 34.375000
25.000000 31.250000 25.000000 31.250000
25.000000 28.125000 28.125000 31.250000
28.125000 31.250000 28.125000 31.250000
25.000000 28.125000 25.000000 28.125000
25.000000 26.562500 26.562500 28.125000
26.562500 28.125000 26.562500 28.125000
25.000000 26.562500 25.000000 26.562500
26.562500 28.125000 25.000000 26.562500
28.125000 31.250000 25.000000 28.125000
31.250000 37.500000 25.000000 31.250000
31.250000 34.375000 28.125000 31.250000
34.375000 37.500000 28.125000 31.250000
31.250000 34.375000 25.000000 28.125000
34.375000 37.500000 25.000000 28.125000
37.500000 50.000000 25.000000 37.500000
37.500000 43.750000 31.250000 37.500000
37.500000 40.625000 34.375000 37.500000
40.625000 43.750000 34.375000 37.500000
40.625000 42.187500 35.937500 37.500000
42.187500 43.750000 35.937500 37.500000
40.625000 42.187500 34.375000 35.937500
42.187500 43.750000 34.375000 35.937500
37.500000 40.625000 31.250000 34.375000
40.625000 43.750000 31.250000 34.375000
43.750000 50.000000 31.250000 37.500000
43.750000 46.875000 34.375000 37.500000
46.875000 50.000000 34.375000 37.500000
43.750000 46.875000 31.250000 34.375000
46.875000 50.000000 31.250000 34.375000
37.500000 43.750000 25.000000 31.250000
37.500000 40.625000 28.125000 31.250000
40.625000 43.750000 28.125000 31.250000
40.625000 42.187500 29.687500 31.250000
42.187500 43.750000 29.687500 31.250000
40.625000 42.187500 28.125000 29.687500
42.187500 43.750000 28.125000 29.687500
37.500000 40.625000 25.000000 28.125000
37.500000 39.062500 26.562500 28.125000
39.062500 40.625000 26.562500 28.125000
37.500000 39.062500 25.000000 26.562500
39.062500 40.625000 25.000000 26.562500
40.625000 43.750000 25.000000 28.125000
43.750000 50.000000 25.000000 31.250000
43.750000 46.875000 28.125000 31.250000
46.875000 50.000000 28.125000 31.250000
43.750000 46.875000 25.000000 28.125000
46.875000 50.000000 25.000000 28.125000
0.000000 25.000000 0.000000 25.000000
0.000000 12.500000 12.500000 25.000000
0.000000 6.250000 18.750000 25.000000
0.000000 3.125000 21.875000 25.000000
3.125000 6.250000 21.875000 25.000000
0.000000 3.125000 18.750000 21.875000
3.125000 6.250000 18.750000 21.875000
6.250000 12.500000 18.750000 25.000000
6.250000 9.375000 21.875000 25.000000
9.375000 12.500000 21.875000 25.000000
6.250000 9.375000 18.750000 21.875000
9.375000 12.500000 18.750000 21.875000
0.000000 6.250000 12.500000 18.750000
0.000000 3.125000 15.625000 18.750000
3.125000 6.250000 15.625000 18.750000
0.000000 3.125000 12.500000 15.625000
3.125000 6.250000 12.500000 15.625000
3.125000 4.687500 14.062500 15.625000
4.687500 6.250000 14.062500 15.625000
3.125000 4.687500 12.500000 14.062500
4.687500 6.250000 12.500000 14.062500
6.250000 12.500000 12.500000 18.750000
6.250000 9.375000 15.625000 18.750000
9.375000 12.500000 15.625000 18.750000
6.250000 9.375000 12.500000 15.625000
9.375000 12.500000 12.500000 15.625000
12.500000 25.000000 12.500000 25.000000
12.500000 18.750000 18.750000 25.000000
12.500000 15.625000 21.875000 25.000000
15.625000 18.750000 21.875000 25.000000
12.500000 15.625000 18.750000 21.875000
15.625000 18.750000 18.750000 21.875000
15.625000 17.187500 20.312500 21.875000
17.187500 18.750000 20.312500 21.875000
15.625000 17.187500 18.750000 20.312500
17.187500 18.750000 18.750000 20.312500
18.750000 25.000000 18.750000 25.000000
18.750000 21.875000 21.875000 25.000000
21.875000 25.000000 21.875000 25.000000
18.750000 21.875000 18.750000 21.875000
18.750000 20.312500 20.312500 21.875000
20.312500 21.875000 20.312500 21.875000
18.750000 20.312500 18.750000 20.312500
20.312500 21.875000 18.750000 20.312500
21.875000 25.000000 18.750000 21.875000
12.500000 18.750000 12.500000 18.750000
12.500000 15.625000 15.625000 18.750000
15.625000 18.750000 15.625000 18.750000
12.500000 15.625000 12.500000 15.625000
15.625000 18.750000 12.500000 15.625000
18.750000 25.000000 12.500000 18.750000
0.000000 12.500000 0.000000 12.500000
0.000000 6.250000 6.250000 12.500000
0.000000 3.125000 9.375000 12.500000
3.125000 6.250000 9.375000 12.500000
3.125000 4.687500 10.937500 12.500000
4.687500 6.250000 10.937500 12.500000
3.125000 4.687500 9.375000 10.937500
4.687500 6.250000 9.375000 10.937500
0.000000 3.125000 6.250000 9.375000
3.125000 6.250000 6.250000 9.375000
6.250000 12.500000 6.250000 12.500000
6.250000 9.375000 9.375000 12.500000
9.375000 12.500000 9.375000 12.500000
6.250000 9.375000 6.250000 9.375000
9.375000 12.500000 6.250000 9.375000
0.000000 6.250000 0.000000 6.250000
0.000000 3.125000 3.125000 6.250000
0.000000 1.562500 4.687500 6.250000
1.562500 3.125000 4.687500 6.250000
0.000000 1.562500 3.125000 4.687500
1.562500 3.125000 3.125000 4.687500
3.125000 6.250000 3.125000 6.250000
0.000000 3.125000 0.000000 3.125000
3.125000 6.250000 0.000000 3.125000
6.250000 12.500000 0.000000 6.250000
12.500000 25.000000 0.000000 12.500000
12.500000 18.750000 6.250000 12.500000
12.500000 15.625000 9.375000 12.500000
15.625000 18.750000 9.375000 12.500000
12.500000 15.625000 6.250000 9.375000
15.625000 18.750000 6.250000 9.375000
18.750000 25.000000 6.250000 12.500000
12.500000 18.750000 0.000000 6.250000
12.500000 15.625000 3.125000 6.250000
15.625000 18.750000 3.125000 6.250000
12.500000 15.625000 0.000000 3.125000
15.625000 18.750000 0.000000 3.125000
18.750000 25.000000 0.000000 6.250000
18.750000 21.875000 3.125000 6.250000
21.875000 25.000000 3.125000 6.250000
18.750000 21.875000 0.000000 3.125000
21.875000 25.000000 0.000000 3.125000
25.000000 50.000000 0.000000 25.000000
25.000000 37.500000 12.500000 25.000000
25.000000 31.250000 18.750000 25.000000
25.000000 28.125000 21.875000 25.000000
28.125000 31.250000 21.875000 25.000000
25.000000 28.125000 18.750000 21.875000
28.125000 31.250000 18.750000 21.875000
31.250000 37.500000 18.750000 25.000000
31.250000 34.375000 21.875000 25.000000
34.375000 37.500000 21.875000 25.000000
31.250000 34.375000 18.750000 21.875000
34.375000 37.500000 18.750000 21.875000
25.000000 31.250000 12.500000 18.750000
31.250000 37.500000 12.500000 18.750000
31.250000 34.375000 15.625000 18.750000
34.375000 37.500000 15.625000 18.750000
31.250000 34.375000 12.500000 15.625000
34.375000 37.500000 12.500000 15.625000
37.500000 50.000000 12.500000 25.000000
37.500000 43.750000 18.750000 25.000000
37.500000 40.625000 21.875000 25.000000
40.625000 43.750000 21.875000 25.000000
37.500000 40.625000 18.750000 21.875000
40.625000 43.750000 18.750000 21.875000
43.750000 50.000000 18.750000 25.000000
43.750000 46.875000 21.875000 25.000000
46.875000 50.000000 21.875000 25.000000
46.875000 48.437500 23.437500 25.000000
48.437500 50.000000 23.437500 25.000000
46.875000 48.437500 21.875000 23.437500
48.437500 50.000000 21.875000 23.437500
43.750000 46.875000 18.750000 21.875000
46.875000 50.000000 18.750000 21.875000
37.500000 43.750000 12.500000 18.750000
43.750000 50.000000 12.500000 18.750000
43.750000 46.875000 15.625000 18.750000
46.875000 50.000000 15.625000 18.750000
43.750000 46.875000 12.500000 15.625000
46.875000 50.000000 12.500000 15.625000
46.875000 48.437500 14.062500 15.625000
48.437500 50.000000 14.062500 15.625000
46.875000 48.437500 12.500000 14.062500
48.437500 50.000000 12.500000 14.062500
25.000000 37.500000 0.000000 12.500000
25.000000 31.250000 6.250000 12.500000
31.250000 37.500000 6.250000 12.500000
31.250000 34.375000 9.375000 12.500000
34.375000 37.500000 9.375000 12.500000
31.250000 34.375000 6.250000 9.375000
34.375000 37.500000 6.250000 9.375000
34.375000 35.937500 7.812500 9.375000
35.937500 37.500000 7.812500 9.375000
34.375000 35.937500 6.250000 7.812500
35.937500 37.500000 6.250000 7.812500
25.000000 31.250000 0.000000 6.250000
25.000000 28.125000 3.125000 6.250000
28.125000 31.250000 3.125000 6.250000
25.000000 28.125000 0.000000 3.125000
28.125000 31.250000 0.000000 3.125000
31.250000 37.500000 0.000000 6.250000
31.250000 34.375000 3.125000 6.250000
34.375000 37.500000 3.125000 6.250000
34.375000 35.937500 4.687500 6.250000
35.937500 37.500000 4.687500 6.250000
34.375000 35.937500 3.125000 4.687500
35.937500 37.500000 3.125000 4.687500
31.250000 34.375000 0.000000 3.125000
31.250000 32.812500 1.562500 3.125000
32.812500 34.375000 1.562500 3.125000
31.250000 32.812500 0.000000 1.562500
32.812500 34.375000 0.000000 1.562500
34.375000 37.500000 0.000000 3.125000
37.500000 50.000000 0.000000 12.500000
37.500000 43.750000 6.250000 12.500000
37.500000 40.625000 9.375000 12.500000
37.500000 39.062500 10.937500 12.500000
39.062500 40.625000 10.937500 12.500000
37.500000 39.062500 9.375000 10.937500
39.062500 40.625000 9.375000 10.937500
40.625000 43.750000 9.375000 12.500000
37.500000 40.625000 6.250000 9.375000
40.625000 43.750000 6.250000 9.375000
43.750000 50.000000 6.250000 12.500000
43.750000 46.875000 9.375000 12.500000
46.875000 50.000000 9.375000 12.500000
43.750000 46.875000 6.250000 9.375000
46.875000 50.000000 6.250000 9.375000
37.500000 43.750000 0.000000 6.250000
37.500000 40.625000 3.125000 6.250000
40.625000 43.750000 3.125000 6.250000
37.500000 40.625000 0.000000 3.125000
40.625000 43.750000 0.000000 3.125000
43.750000 50.000000 0.000000 6.250000
43.750000 46.875000 3.125000 6.250000
46.875000 50.000000 3.125000 6.250000
43.750000 46.875000 0.000000 3.125000
46.875000 50.000000 0.000000 3.125000
50.000000 100.000000 0.000000 50.000000
50.000000 75.000000 25.000000 50.000000
50.000000 62.500000 37.500000 50.000000
50.000000 56.250000 43.750000 50.000000
50.000000 53.125000 46.875000 50.000000
50.000000 51.562500 48.437500 50.000000
50.000000 50.781250 49.218750 50.000000
50.781250 51.562500 49.218750 50.000000
50.000000 50.781250 48.437500 49.218750
50.781250 51.562500 48.437500 49.218750
51.562500 53.125000 48.437500 50.000000
50.000000 51.562500 46.875000 48.437500
51.562500 53.125000 46.875000 48.437500
53.125000 56.250000 46.875000 50.000000
53.125000 54.687500 48.437500 50.000000
54.687500 56.250000 48.437500 50.000000
53.125000 54.687500 46.875000 48.437500
54.687500 56.250000 46.875000 48.437500
50.000000 53.125000 43.750000 46.875000
53.125000 56.250000 43.750000 46.875000
56.250000 62.500000 43.750000 50.000000
50.000000 56.250000 37.500000 43.750000
50.000000 53.125000 40.625000 43.750000
53.125000 56.250000 40.625000 43.750000
50.000000 53.125000 37.500000 40.625000
53.125000 56.250000 37.500000 40.625000
56.250000 62.500000 37.500000 43.750000
56.250000 59.375000 40.625000 43.750000
59.375000 62.500000 40.625000 43.750000
56.250000 59.375000 37.500000 40.625000
59.375000 62.500000 37.500000 40.625000
62.500000 75.000000 37.500000 50.000000
62.500000 68.750000 43.750000 50.000000
62.500000 65.625000 46.875000 50.000000
62.500000 64.062500 48.437500 50.000000
64.062500 65.625000 48.437500 50.000000
62.500000 64.062500 46.875000 48.437500
64.062500 65.625000 46.875000 48.437500
65.625000 68.750000 46.875000 50.000000
62.500000 65.625000 43.750000 46.875000
65.625000 68.750000 43.750000 46.875000
68.750000 75.000000 43.750000 50.000000
68.750000 71.875000 46.875000 50.000000
71.875000 75.000000 46.875000 50.000000
68.750000 71.875000 43.750000 46.875000
71.875000 75.000000 43.750000 46.875000
71.875000 73.437500 45.312500 46.875000
73.437500 75.000000 45.312500 46.875000
71.875000 73.437500 43.750000 45.312500
73.437500 75.000000 43.750000 45.312500
62.500000 68.750000 37.500000 43.750000
68.750000 75.000000 37.500000 43.750000
68.750000 71.875000 40.625000 43.750000
71.875000 75.000000 40.625000 43.750000
68.750000 71.875000 37.500000 40.625000
71.875000 75.000000 37.500000 40.625000
50.000000 62.500000 25.000000 37.500000
50.000000 56.250000 31.250000 37.500000
50.000000 53.125000 34.375000 37.500000
50.000000 51.562500 35.937500 37.500000
51.562500 53.125000 35.937500 37.500000
50.000000 51.562500 34.375000 35.937500
51.562500 53.125000 34.375000 35.937500
53.125000 56.250000 34.375000 37.500000
50.000000 53.125000 31.250000 34.375000
53.125000 56.250000 31.250000 34.375000
56.250000 62.500000 31.250000 37.500000
56.250000 59.375000 34.375000 37.500000
59.375000 62.500000 34.375000 37.500000
56.250000 59.375000 31.250000 34.375000
56.250000 57.812500 32.812500 34.375000
57.812500 59.375000 32.812500 34.375000
56.250000 57.812500 31.250000 32.812500
57.812500 59.375000 31.250000 32.812500
59.375000 62.500000 31.250000 34.375000
50.000000 56.250000 25.000000 31.250000
50.000000 53.125000 28.125000 31.250000
50.000000 51.562500 29.687500 31.250000
50.000000 50.781250 30.468750 31.250000
50.781250 51.562500 30.468750 31.250000
50.000000 50.781250 29.687500 30.468750
50.781250 51.562500 29.687500 30.468750
51.562500 53.125000 29.687500 31.250000
50.000000 51.562500 28.125000 29.687500
51.562500 53.125000 28.125000 29.687500
53.125000 56.250000 28.125000 31.250000
50.000000 53.125000 25.000000 28.125000
53.125000 56.250000 25.000000 28.125000
56.250000 62.500000 25.000000 31.250000
56.250000 59.375000 28.125000 31.250000
56.250000 57.812500 29.687500 31.250000
57.812500 59.375000 29.687500 31.250000
56.250000 57.812500 28.125000 29.687500
57.812500 59.375000 28.125000 29.687500
59.375000 62.500000 28.125000 31.250000
56.250000 59.375000 25.000000 28.125000
56.250000 57.812500 26.562500 28.125000
57.812500 59.375000 26.562500 28.125000
56.250000 57.812500 25.000000 26.562500
57.812500 59.375000 25.000000 26.562500
59.375000 62.500000 25.000000 28.125000
59.375000 60.937500 26.562500 28.125000
60.937500 62.500000 26.562500 28.125000
59.375000 60.937500 25.000000 26.562500
60.937500 62.500000 25.000000 26.562500
62.500000 75.000000 25.000000 37.500000
62.500000 68.750000 31.250000 37.500000
62.500000 65.625000 34.375000 37.500000
65.625000 68.750000 34.375000 37.500000
62.500000 65.625000 31.250000 34.375000
65.625000 68.750000 31.250000 34.375000
68.750000 75.000000 31.250000 37.500000
68.750000 71.875000 34.375000 37.500000
68.750000 70.312500 35.937500 37.500000
70.312500 71.875000 35.937500 37.500000
68.750000 70.312500 34.375000 35.937500
70.312500 71.875000 34.375000 35.937500
71.875000 75.000000 34.375000 37.500000
71.875000 73.437500 35.937500 37.500000
73.437500 75.000000 35.937500 37.500000
71.875000 73.437500 34.375000 35.937500
73.437500 75.000000 34.375000 35.937500
68.750000 71.875000 31.250000 34.375000
71.875000 75.000000 31.250000 34.375000
62.500000 68.750000 25.000000 31.250000
62.500000 65.625000 28.125000 31.250000
65.625000 68.750000 28.125000 31.250000
65.625000 67.187500 29.687500 31.250000
67.187500 68.750000 29.687500 31.250000
65.625000 67.187500 28.125000 29.687500
67.187500 68.750000 28.125000 29.687500
62.500000 65.625000 25.000000 28.125000
65.625000 68.750000 25.000000 28.125000
65.625000 67.187500 26.562500 28.125000
67.187500 68.750000 26.562500 28.125000
65.625000 67.187500 25.000000 26.562500
67.187500 68.750000 25.000000 26.562500
68.750000 75.000000 25.000000 31.250000
68.750000 71.875000 28.125000 31.250000
71.875000 75.000000 28.125000 31.250000
71.875000 73.437500 29.687500 31.250000
73.437500 75.000000 29.687500 31.250000
71.875000 73.437500 28.125000 29.687500
73.437500 75.000000 28.125000 29.687500
68.750000 71.875000 25.000000 28.125000
71.875000 75.000000 25.000000 28.125000
71.875000 73.437500 26.562500 28.125000
73.437500 75.000000 26.562500 28.125000
71.875000 73.437500 25.000000 26.562500
73.437500 75.000000 25.000000 26.562500
75.000000 100.000000 25.000000 50.000000
75.000000 87.500000 37.500000 50.000000
75.000000 81.250000 43.750000 50.000000
81.250000 87.500000 43.750000 50.000000
81.250000 84.375000 46.875000 50.000000
84.375000 87.500000 46.875000 50.000000
81.250000 84.375000 43.750000 46.875000
84.375000 87.500000 43.750000 46.875000
75.000000 81.250000 37.500000 43.750000
75.000000 78.125000 40.625000 43.750000
78.125000 81.250000 40.625000 43.750000
78.125000 79.687500 42.187500 43.750000
79.687500 81.250000 42.187500 43.750000
78.125000 79.687500 40.625000 42.187500
79.687500 81.250000 40.625000 42.187500
79.687500 80.468750 41.406250 42.187500
80.468750 81.250000 41.406250 42.187500
79.687500 80.468750 40.625000 41.406250
80.468750 81.250000 40.625000 41.406250
75.000000 78.125000 37.500000 40.625000
75.000000 76.562500 39.062500 40.625000
76.562500 78.125000 39.062500 40.625000
75.000000 76.562500 37.500000 39.062500
76.562500 78.125000 37.500000 39.062500
78.125000 81.250000 37.500000 40.625000
81.250000 87.500000 37.500000 43.750000
81.250000 84.375000 40.625000 43.750000
84.375000 87.500000 40.625000 43.750000
81.250000 84.375000 37.500000 40.625000
81.250000 82.812500 39.062500 40.625000
82.812500 84.375000 39.062500 40.625000
81.250000 82.812500 37.500000 39.062500
82.812500 84.375000 37.500000 39.062500
84.375000 87.500000 37.500000 40.625000
87.500000 100.000000 37.500000 50.000000
87.500000 93.750000 43.750000 50.000000
87.500000 90.625000 46.875000 50.000000
90.625000 93.750000 46.875000 50.000000
90.625000 92.187500 48.437500 50.000000
92.187500 93.750000 48.437500 50.000000
90.625000 92.187500 46.875000 48.437500
92.187500 93.750000 46.875000 48.437500
87.500000 90.625000 43.750000 46.875000
90.625000 93.750000 43.750000 46.875000
93.750000 100.000000 43.750000 50.000000
93.750000 96.875000 46.875000 50.000000
96.875000 100.000000 46.875000 50.000000
93.750000 96.875000 43.750000 46.875000
96.875000 100.000000 43.750000 46.875000
87.500000 93.750000 37.500000 43.750000
87.500000 90.625000 40.625000 43.750000
90.625000 93.750000 40.625000 43.750000
87.500000 90.625000 37.500000 40.625000
87.500000 89.062500 39.062500 40.625000
89.062500 90.625000 39.062500 40.625000
87.500000 89.062500 37.500000 39.062500
89.062500 90.625000 37.500000 39.062500
90.625000 93.750000 37.500000 40.625000
93.750000 100.000000 37.500000 43.750000
93.750000 96.875000 40.625000 43.750000
96.875000 100.000000 40.625000 43.750000
93.750000 96.875000 37.500000 40.625000
93.750000 95.312500 39.062500 40.625000
95.312500 96.875000 39.062500 40.625000
93.750000 95.312500 37.500000 39.062500
95.312500 96.875000 37.500000 39.062500
96.875000 100.000000 37.500000 40.625000
75.000000 87.500000 25.000000 37.500000
75.000000 81.250000 31.250000 37.500000
75.000000 78.125000 34.375000 37.500000
78.125000 81.250000 34.375000 37.500000
75.000000 78.125000 31.250000 34.375000
78.125000 81.250000 31.250000 34.375000
81.250000 87.500000 31.250000 37.500000
81.250000 84.375000 34.375000 37.500000
84.375000 87.500000 34.375000 37.500000
81.250000 84.375000 31.250000 34.375000
84.375000 87.500000 31.250000 34.375000
75.000000 81.250000 25.000000 31.250000
75.000000 78.125000 28.125000 31.250000
78.125000 81.250000 28.125000 31.250000
75.000000 78.125000 25.000000 28.125000
78.125000 81.250000 25.000000 28.125000
81.250000 87.500000 25.000000 31.250000
81.250000 84.375000 28.125000 31.250000
84.375000 87.500000 28.125000 31.250000
84.375000 85.937500 29.687500 31.250000
85.937500 87.500000 29.687500 31.250000
84.375000 85.937500 28.125000 29.687500
85.937500 87.500000 28.125000 29.687500
81.250000 84.375000 25.000000 28.125000
84.375000 87.500000 25.000000 28.125000
87.500000 100.000000 25.000000 37.500000
87.500000 93.750000 31.250000 37.500000
87.500000 90.625000 34.375000 37.500000
90.625000 93.750000 34.375000 37.500000
87.500000 90.625000 31.250000 34.375000
90.625000 93.750000 31.250000 34.375000
93.750000 100.000000 31.250000 37.500000
93.750000 96.875000 34.375000 37.500000
96.875000 100.000000 34.375000 37.500000
93.750000 96.875000 31.250000 34.375000
93.750000 95.312500 32.812500 34.375000
95.312500 96.875000 32.812500 34.375000
93.750000 95.312500 31.250000 32.812500
95.312500 96.875000 31.250000 32.812500
96.875000 100.000000 31.250000 34.375000
87.500000 93.750000 25.000000 31.250000
87.500000 90.625000 28.125000 31.250000
90.625000 93.750000 28.125000 31.250000
90.625000 92.187500 29.687500 31.250000
92.187500 93.750000 29.687500 31.250000
90.625000 92.187500 28.125000 29.687500
92.187500 93.750000 28.125000 29.687500
87.500000 90.625000 25.000000 28.125000
87.500000 89.062500 26.562500 28.125000
89.062500 90.625000 26.562500 28.125000
87.500000 89.062500 25.000000 26.562500
89.062500 90.625000 25.000000 26.562500
90.625000 93.750000 25.000000 28.125000
93.750000 100.000000 25.000000 31.250000
93.750000 96.875000 28.125000 31.250000
96.875000 100.000000 28.125000 31.250000
93.750000 96.875000 25.000000 28.125000
96.875000 100.000000 25.000000 28.125000
50.000000 75.000000 0.000000 25.000000
50.000000 62.500000 12.500000 25.000000
50.000000 56.250000 18.750000 25.000000
50.000000 53.125000 21.875000 25.000000
53.125000 56.250000 21.875000 25.000000
50.000000 53.125000 18.750000 21.875000
53.125000 56.250000 18.750000 21.875000
56.250000 62.500000 18.750000 25.000000
56.250000 59.375000 21.875000 25.000000
59.375000 62.500000 21.875000 25.000000
56.250000 59.375000 18.750000 21.875000
59.375000 62.500000 18.750000 21.875000
50.000000 56.250000 12.500000 18.750000
50.000000 53.125000 15.625000 18.750000
53.125000 56.250000 15.625000 18.750000
50.000000 53.125000 12.500000 15.625000
53.125000 56.250000 12.500000 15.625000
56.250000 62.500000 12.500000 18.750000
56.250000 59.375000 15.625000 18.750000
59.375000 62.500000 15.625000 18.750000
56.250000 59.375000 12.500000 15.625000
56.250000 57.812500 14.062500 15.625000
57.812500 59.375000 14.062500 15.625000
56.250000 57.812500 12.500000 14.062500
57.812500 59.375000 12.500000 14.062500
59.375000 62.500000 12.500000 15.625000
62.500000 75.000000 12.500000 25.000000
62.500000 68.750000 18.750000 25.000000
62.500000 65.625000 21.875000 25.000000
65.625000 68.750000 21.875000 25.000000
62.500000 65.625000 18.750000 21.875000
65.625000 68.750000 18.750000 21.875000
68.750000 75.000000 18.750000 25.000000
62.500000 68.750000 12.500000 18.750000
62.500000 65.625000 15.625000 18.750000
65.625000 68.750000 15.625000 18.750000
62.500000 65.625000 12.500000 15.625000
65.625000 68.750000 12.500000 15.625000
68.750000 75.000000 12.500000 18.750000
68.750000 71.875000 15.625000 18.750000
68.750000 70.312500 17.187500 18.750000
70.312500 71.875000 17.187500 18.750000
68.750000 70.312500 15.625000 17.187500
70.312500 71.875000 15.625000 17.187500
71.875000 75.000000 15.625000 18.750000
68.750000 71.875000 12.500000 15.625000
71.875000 75.000000 12.500000 15.625000
50.000000 62.500000 0.000000 12.500000
50.000000 56.250000 6.250000 12.500000
50.000000 53.125000 9.375000 12.500000
53.125000 56.250000 9.375000 12.500000
50.000000 53.125000 6.250000 9.375000
53.125000 56.250000 6.250000 9.375000
56.250000 62.500000 6.250000 12.500000
56.250000 59.375000 9.375000 12.500000
59.375000 62.500000 9.375000 12.500000
56.250000 59.375000 6.250000 9.375000
59.375000 62.500000 6.250000 9.375000
50.000000 56.250000 0.000000 6.250000
56.250000 62.500000 0.000000 6.250000
56.250000 59.375000 3.125000 6.250000
59.375000 62.500000 3.125000 6.250000
56.250000 59.375000 0.000000 3.125000
59.375000 62.500000 0.000000 3.125000
62.500000 75.000000 0.000000 12.500000
62.500000 68.750000 6.250000 12.500000
62.500000 65.625000 9.375000 12.500000
65.625000 68.750000 9.375000 12.500000
65.625000 67.187500 10.937500 12.500000
67.187500 68.750000 10.937500 12.500000
65.625000 67.187500 9.375000 10.937500
67.187500 68.750000 9.375000 10.937500
62.500000 65.625000 6.250000 9.375000
65.625000 68.750000 6.250000 9.375000
68.750000 75.000000 6.250000 12.500000
68.750000 71.875000 9.375000 12.500000
71.875000 75.000000 9.375000 12.500000
68.750000 71.875000 6.250000 9.375000
71.875000 75.000000 6.250000 9.375000
62.500000 68.750000 0.000000 6.250000
62.500000 65.625000 3.125000 6.250000
65.625000 68.750000 3.125000 6.250000
62.500000 65.625000 0.000000 3.125000
65.625000 68.750000 0.000000 3.125000
68.750000 75.000000 0.000000 6.250000
68.750000 71.875000 3.125000 6.250000
71.875000 75.000000 3.125000 6.250000
68.750000 71.875000 0.000000 3.125000
71.875000 75.000000 0.000000 3.125000
75.000000 100.000000 0.000000 25.000000
75.000000 87.500000 12.500000 25.000000
75.000000 81.250000 18.750000 25.000000
75.000000 78.125000 21.875000 25.000000
78.125000 81.250000 21.875000 25.000000
75.000000 78.125000 18.750000 21.875000
78.125000 81.250000 18.750000 21.875000
78.125000 79.687500 20.312500 21.875000
79.687500 81.250000 20.312500 21.875000
78.125000 79.687500 18.750000 20.312500
79.687500 81.250000 18.750000 20.312500
81.250000 87.500000 18.750000 25.000000
81.250000 84.375000 21.875000 25.000000
84.375000 87.500000 21.875000 25.000000
81.250000 84.375000 18.750000 21.875000
81.250000 82.812500 20.312500 21.875000
82.812500 84.375000 20.312500 21.875000
81.250000 82.812500 18.750000 20.312500
82.812500 84.375000 18.750000 20.312500
84.375000 87.500000 18.750000 21.875000
75.000000 81.250000 12.500000 18.750000
75.000000 78.125000 15.625000 18.750000
78.125000 81.250000 15.625000 18.750000
75.000000 78.125000 12.500000 15.625000
78.125000 81.250000 12.500000 15.625000
78.125000 79.687500 14.062500 15.625000
79.687500 81.250000 14.062500 15.625000
78.125000 79.687500 12.500000 14.062500
79.687500 81.250000 12.500000 14.062500
81.250000 87.500000 12.500000 18.750000
81.250000 84.375000 15.625000 18.750000
84.375000 87.500000 15.625000 18.750000
81.250000 84.375000 12.500000 15.625000
84.375000 87.500000 12.500000 15.625000
87.500000 100.000000 12.500000 25.000000
87.500000 93.750000 18.750000 25.000000
87.500000 90.625000 21.875000 25.000000
90.625000 93.750000 21.875000 25.000000
87.500000 90.625000 18.750000 21.875000
90.625000 93.750000 18.750000 21.875000
93.750000 100.000000 18.750000 25.000000
93.750000 96.875000 21.875000 25.000000
96.875000 100.000000 21.875000 25.000000
93.750000 96.875000 18.750000 21.875000
96.875000 100.000000 18.750000 21.875000
87.500000 93.750000 12.500000 18.750000
87.500000 90.625000 15.625000 18.750000
90.625000 93.750000 15.625000 18.750000
87.500000 90.625000 12.500000 15.625000
90.625000 93.750000 12.500000 15.625000
93.750000 100.000000 12.500000 18.750000
93.750000 96.875000 15.625000 18.750000
93.750000 95.312500 17.187500 18.750000
95.312500 96.875000 17.187500 18.750000
93.750000 95.312500 15.625000 17.187500
95.312500 96.875000 15.625000 17.187500
96.875000 100.000000 15.625000 18.750000
96.875000 98.437500 17.187500 18.750000
98.437500 100.000000 17.187500 18.750000
96.875000 98.437500 15.625000 17.187500
98.437500 100.000000 15.625000 17.187500
93.750000 96.875000 12.500000 15.625000
96.875000 100.000000 12.500000 15.625000
75.000000 87.500000 0.000000 12.500000
75.000000 81.250000 6.250000 12.500000
75.000000 78.125000 9.375000 12.500000
78.125000 81.250000 9.375000 12.500000
75.000000 78.125000 6.250000 9.375000
78.125000 81.250000 6.250000 9.375000
78.125000 79.687500 7.812500 9.375000
79.687500 81.250000 7.812500 9.375000
78.125000 79.687500 6.250000 7.812500
79.687500 81.250000 6.250000 7.812500
81.250000 87.500000 6.250000 12.500000
81.250000 84.375000 9.375000 12.500000
84.375000 87.500000 9.375000 12.500000
81.250000 84.375000 6.250000 9.375000
84.375000 87.500000 6.250000 9.375000
75.000000 81.250000 0.000000 6.250000
75.000000 78.125000 3.125000 6.250000
75.000000 76.562500 4.687500 6.250000
76.562500 78.125000 4.687500 6.250000
75.000000 76.562500 3.125000 4.687500
76.562500 78.125000 3.125000 4.687500
78.125000 81.250000 3.125000 6.250000
75.000000 78.125000 0.000000 3.125000
75.000000 76.562500 1.562500 3.125000
76.562500 78.125000 1.562500 3.125000
75.000000 76.562500 0.000000 1.562500
76.562500 78.125000 0.000000 1.562500
78.125000 81.250000 0.000000 3.125000
81.250000 87.500000 0.000000 6.250000
81.250000 84.375000 3.125000 6.250000
84.375000 87.500000 3.125000 6.250000
81.250000 84.375000 0.000000 3.125000
81.250000 82.812500 1.562500 3.125000
82.812500 84.375000 1.562500 3.125000
81.250000 82.812500 0.000000 1.562500
82.812500 84.375000 0.000000 1.562500
84.375000 87.500000 0.000000 3.125000
87.500000 100.000000 0.000000 12.500000
87.500000 93.750000 6.250000 12.500000
87.500000 90.625000 9.375000 12.500000
90.625000 93.750000 9.375000 12.500000
87.500000 90.625000 6.250000 9.375000
90.625000 93.750000 6.250000 9.375000
93.750000 100.000000 6.250000 12.500000
93.750000 96.875000 9.375000 12.500000
96.875000 100.000000 9.375000 12.500000
93.750000 96.875000 6.250000 9.375000
96.875000 100.000000 6.250000 9.375000
87.500000 93.750000 0.000000 6.250000
87.500000 90.625000 3.125000 6.250000
90.625000 93.750000 3.125000 6.250000
87.500000 90.625000 0.000000 3.125000
90.625000 93.750000 0.000000 3.125000
93.750000 100.000000 0.000000 6.250000
93.750000 96.875000 3.125000 6.250000
96.875000 100.000000 3.125000 6.250000
93.750000 96.875000 0.000000 3.125000
96.875000 100.000000 0.000000 3.125000
